              precision    recall  f1-score   support

         001       1.00      1.00      1.00         6
         002       1.00      0.60      0.75         5
         003       1.00      1.00      1.00         3
         004       1.00      1.00      1.00         3
         005       1.00      1.00      1.00         2
         006       1.00      1.00      1.00         4
         007       1.00      1.00      1.00         5
         008       1.00      1.00      1.00         8
         009       0.80      1.00      0.89         4
         010       0.76      1.00      0.86        22
         011       0.88      1.00      0.93         7
         012       1.00      0.67      0.80         3
         013       1.00      1.00      1.00         4
         014       1.00      1.00      1.00         2
         015       1.00      1.00      1.00         2
         016       1.00      1.00      1.00         2
         017       1.00      0.50      0.67         2
         018       0.67      1.00      0.80         2
         019       1.00      1.00      1.00         7
         020       1.00      1.00      1.00         6
         021       0.80      1.00      0.89         4
         022       1.00      1.00      1.00         1
         023       1.00      1.00      1.00         1
         024       1.00      1.00      1.00         1
         025       1.00      1.00      1.00         1
         026       1.00      1.00      1.00         2
         027       1.00      1.00      1.00         5
         028       1.00      0.67      0.80         3
         029       0.00      0.00      0.00         2
         030       1.00      1.00      1.00         1
         031       1.00      1.00      1.00         2
         032       1.00      1.00      1.00         2
         033       1.00      1.00      1.00         6
         034       0.89      1.00      0.94         8
         035       1.00      1.00      1.00         3
         036       1.00      0.83      0.91         6
         037       1.00      1.00      1.00         2
         038       1.00      1.00      1.00         3
         039       1.00      1.00      1.00         4
         040       1.00      1.00      1.00         2
         041       1.00      1.00      1.00         2
         042       1.00      1.00      1.00         2
         043       1.00      1.00      1.00         1
         044       1.00      1.00      1.00         8
         045       1.00      1.00      1.00         1
         046       1.00      1.00      1.00         2
         047       1.00      1.00      1.00         2
         048       1.00      1.00      1.00         2
         049       1.00      1.00      1.00         2
         050       1.00      1.00      1.00         2
         051       1.00      1.00      1.00         6
         052       1.00      1.00      1.00         2
         053       1.00      1.00      1.00         2
         054       1.00      1.00      1.00         3
         055       1.00      1.00      1.00         5
         056       1.00      1.00      1.00         5
         057       1.00      1.00      1.00         5
         058       1.00      1.00      1.00         5
         059       1.00      1.00      1.00         4
         060       1.00      1.00      1.00         4
         061       1.00      1.00      1.00         3
         062       1.00      1.00      1.00         5
         063       1.00      1.00      1.00         5
         064       1.00      1.00      1.00         5
         065       1.00      1.00      1.00         6
         066       1.00      1.00      1.00         4
         067       0.75      0.60      0.67         5
         068       1.00      1.00      1.00         3
         069       1.00      1.00      1.00         4
         070       1.00      1.00      1.00         6
         071       1.00      0.75      0.86         4
         072       1.00      1.00      1.00         5
         073       1.00      1.00      1.00         5
         074       1.00      1.00      1.00         5
         075       1.00      1.00      1.00         5
         076       1.00      0.83      0.91         6
         077       1.00      1.00      1.00         3
         078       1.00      1.00      1.00         3
         079       1.00      1.00      1.00         5
         080       1.00      1.00      1.00         5
         081       1.00      1.00      1.00         4
         082       1.00      1.00      1.00         4
         083       1.00      1.00      1.00         6
         084       1.00      1.00      1.00         4
         085       1.00      1.00      1.00         6
         086       0.86      1.00      0.92         6
         087       1.00      1.00      1.00         4
         088       1.00      1.00      1.00         4
         089       1.00      1.00      1.00         4
         090       1.00      1.00      1.00         6
         091       1.00      1.00      1.00         6
         092       1.00      1.00      1.00         6
         093       1.00      0.80      0.89         5
         094       0.86      1.00      0.92         6
         095       1.00      1.00      1.00         6
         096       1.00      1.00      1.00         5
         097       1.00      1.00      1.00         6
         098       1.00      1.00      1.00         5
         099       1.00      1.00      1.00         4
         100       1.00      1.00      1.00         4
         101       1.00      1.00      1.00         6
         102       1.00      1.00      1.00         5
         103       1.00      1.00      1.00         5
         104       1.00      1.00      1.00         6
         105       1.00      1.00      1.00         6
         106       1.00      1.00      1.00         6
         107       1.00      1.00      1.00         5
         108       1.00      1.00      1.00         6
         109       0.80      0.80      0.80         5
         110       1.00      1.00      1.00         6
         111       1.00      1.00      1.00         6
         112       1.00      1.00      1.00         4
         113       0.80      1.00      0.89         4
         114       1.00      1.00      1.00         6
         115       1.00      1.00      1.00         6
         116       1.00      1.00      1.00         6
         117       1.00      1.00      1.00         5
         118       1.00      1.00      1.00         3
         119       0.80      1.00      0.89         4
         120       1.00      1.00      1.00         6
         121       1.00      1.00      1.00         5
         122       1.00      1.00      1.00         4
         123       1.00      1.00      1.00         6
         124       1.00      1.00      1.00         4
         125       1.00      1.00      1.00         6
         126       1.00      1.00      1.00         5
         127       1.00      1.00      1.00         6
         128       1.00      1.00      1.00         5
         129       1.00      1.00      1.00         6
         130       0.75      1.00      0.86         3
         131       1.00      1.00      1.00         6
         132       1.00      1.00      1.00         3
         133       1.00      1.00      1.00         6
         134       1.00      1.00      1.00         4
         135       0.86      1.00      0.92         6
         136       1.00      1.00      1.00         6
         137       1.00      1.00      1.00         5
         138       1.00      1.00      1.00         2
         139       1.00      1.00      1.00         6
         140       1.00      1.00      1.00         6
         141       1.00      1.00      1.00         2
         142       0.00      0.00      0.00         1
         143       1.00      1.00      1.00         2
         144       1.00      1.00      1.00         2
         145       1.00      1.00      1.00         2
         146       1.00      0.67      0.80         3
         147       1.00      1.00      1.00         5
         148       1.00      1.00      1.00         4
         149       1.00      1.00      1.00         2
         150       0.86      1.00      0.92         6
         151       1.00      1.00      1.00         4
         152       1.00      1.00      1.00         5
         153       1.00      1.00      1.00         5
         154       1.00      0.75      0.86         4
         155       1.00      1.00      1.00         3
         156       1.00      1.00      1.00         6
         157       0.80      1.00      0.89         4
         158       0.83      1.00      0.91         5
         159       0.86      1.00      0.92         6
         160       1.00      1.00      1.00         6
         161       1.00      1.00      1.00         6
         162       1.00      1.00      1.00         2
         163       1.00      1.00      1.00         2
         164       0.67      1.00      0.80         2
         165       1.00      1.00      1.00         3
         166       1.00      1.00      1.00         3
         167       1.00      1.00      1.00         2
         168       1.00      0.50      0.67         2
         169       1.00      1.00      1.00         3
         170       1.00      1.00      1.00         6
         171       1.00      1.00      1.00         3
         172       1.00      1.00      1.00         4
         173       1.00      1.00      1.00         7
         174       1.00      1.00      1.00         3
         175       1.00      1.00      1.00         2
         176       1.00      1.00      1.00         3
         177       1.00      1.00      1.00         3
         178       1.00      1.00      1.00         4
         179       1.00      1.00      1.00         5
         180       0.00      0.00      0.00         1
         181       1.00      1.00      1.00         1
         182       0.83      1.00      0.91         5
         183       1.00      1.00      1.00         3
         184       1.00      1.00      1.00         2
         185       1.00      1.00      1.00         1
         186       1.00      1.00      1.00         2
         187       1.00      1.00      1.00         2
         188       1.00      0.75      0.86         4
         189       1.00      1.00      1.00         2
         190       0.86      1.00      0.92         6
         191       1.00      1.00      1.00         1
         192       1.00      1.00      1.00         2
         193       1.00      0.67      0.80         3
         194       1.00      1.00      1.00         3
         195       1.00      1.00      1.00         2
         196       1.00      1.00      1.00         3
         197       1.00      1.00      1.00         1
         198       1.00      1.00      1.00         2
         199       1.00      1.00      1.00         1
         200       1.00      1.00      1.00         5
         201       1.00      1.00      1.00         3
         202       0.86      1.00      0.92         6
         203       1.00      0.75      0.86         4
         204       0.00      0.00      0.00         1
         205       1.00      0.50      0.67         2
         206       1.00      1.00      1.00         3
         207       0.00      0.00      0.00         1
         208       1.00      1.00      1.00         2
         209       1.00      1.00      1.00         6
         210       0.89      1.00      0.94         8
         211       1.00      1.00      1.00         4
         212       1.00      1.00      1.00         4
         213       1.00      1.00      1.00         2
         214       1.00      1.00      1.00         2
         215       1.00      1.00      1.00         8
         216       1.00      1.00      1.00         4
         217       1.00      1.00      1.00         3
         218       1.00      1.00      1.00         3
         219       1.00      1.00      1.00         2
         220       1.00      1.00      1.00         8
         221       1.00      1.00      1.00         4
         222       1.00      1.00      1.00         2
         223       1.00      0.67      0.80         3
         224       1.00      0.50      0.67         2
         225       1.00      1.00      1.00         3
         226       1.00      1.00      1.00         2
         227       1.00      0.67      0.80         3
         228       1.00      1.00      1.00         3
         229       1.00      1.00      1.00         2
         230       1.00      1.00      1.00         6
         231       1.00      1.00      1.00         1
         232       1.00      1.00      1.00         3
         233       1.00      1.00      1.00         3
         234       1.00      1.00      1.00         2
         235       1.00      1.00      1.00         4
         236       1.00      1.00      1.00         2
         237       1.00      1.00      1.00         3
         238       1.00      1.00      1.00         1
         239       1.00      1.00      1.00         2
         240       0.00      0.00      0.00         1

    accuracy                           0.97       944
   macro avg       0.96      0.95      0.95       944
weighted avg       0.97      0.97      0.96       944
